Date: Mon Nov 05 11:39:07 EET 2018
Height: 1.83
Mass: 90
BMI: 26.874496103198062
Date: Mon Nov 05 11:41:32 EET 2018
Height: 1.83
Mass: 120
BMI: 35.83266147093075
